$ 1 0.000005 10.20027730826997 50 5 43
r 208 144 208 240 0 100
c 208 240 208 304 0 0.000018 4.999999999661228
f 288 240 352 240 0 1.5 0.02
w 208 240 288 240 0
s 160 240 160 304 0 1 false
w 160 240 208 240 0
w 208 304 160 304 0
w 208 304 352 304 0
w 352 304 400 304 0
w 352 304 352 256 0
w 352 224 352 192 0
w 352 192 400 192 0
r 352 192 352 128 0 330
162 352 80 352 128 1 2.1024259 1 0 0 0.01
w 208 144 208 80 0
w 208 80 352 80 0
w 352 80 400 80 0
v 496 224 496 112 0 0 40 5 0 0 0.5
w 400 304 496 224 0
w 400 80 496 112 0

